{
 "cells": [
  {
   "cell_type": "markdown",
   "metadata": {},
   "source": [
    "## 배열 정렬하기"
   ]
  },
  {
   "cell_type": "code",
   "execution_count": 1,
   "metadata": {},
   "outputs": [
    {
     "data": {
      "text/plain": [
       "array([[ 0.99318113,  0.25492373,  1.82037376],\n",
       "       [ 1.35216832, -1.23544579,  0.37357579],\n",
       "       [ 0.64225876,  0.17267481,  0.96793795]])"
      ]
     },
     "execution_count": 1,
     "metadata": {},
     "output_type": "execute_result"
    }
   ],
   "source": [
    "import numpy as np\n",
    "x = np.random.normal(1,1,size=(3,3))\n",
    "x"
   ]
  },
  {
   "cell_type": "code",
   "execution_count": 2,
   "metadata": {},
   "outputs": [
    {
     "data": {
      "text/plain": [
       "array([[ 0.25492373,  0.99318113,  1.82037376],\n",
       "       [-1.23544579,  0.37357579,  1.35216832],\n",
       "       [ 0.17267481,  0.64225876,  0.96793795]])"
      ]
     },
     "execution_count": 2,
     "metadata": {},
     "output_type": "execute_result"
    }
   ],
   "source": [
    "# 각 행의 요소를 정렬\n",
    "np.sort(x)"
   ]
  },
  {
   "cell_type": "code",
   "execution_count": 3,
   "metadata": {},
   "outputs": [
    {
     "data": {
      "text/plain": [
       "array([[ 0.64225876, -1.23544579,  0.37357579],\n",
       "       [ 0.99318113,  0.17267481,  0.96793795],\n",
       "       [ 1.35216832,  0.25492373,  1.82037376]])"
      ]
     },
     "execution_count": 3,
     "metadata": {},
     "output_type": "execute_result"
    }
   ],
   "source": [
    "# 각 열의 요소를 정렬\n",
    "np.sort(x, axis=0)"
   ]
  },
  {
   "cell_type": "code",
   "execution_count": 4,
   "metadata": {},
   "outputs": [
    {
     "data": {
      "text/plain": [
       "array([[ 0.17267481,  0.64225876,  0.96793795],\n",
       "       [-1.23544579,  0.37357579,  1.35216832],\n",
       "       [ 0.25492373,  0.99318113,  1.82037376]])"
      ]
     },
     "execution_count": 4,
     "metadata": {},
     "output_type": "execute_result"
    }
   ],
   "source": [
    "# 역순으로 정렬\n",
    "np.sort(x, axis=1)[::-1]"
   ]
  },
  {
   "cell_type": "code",
   "execution_count": 5,
   "metadata": {},
   "outputs": [
    {
     "data": {
      "text/plain": [
       "array([[1, 0, 2],\n",
       "       [1, 2, 0],\n",
       "       [1, 0, 2]], dtype=int64)"
      ]
     },
     "execution_count": 5,
     "metadata": {},
     "output_type": "execute_result"
    }
   ],
   "source": [
    "# 오름차순 정렬시의 인덱스\n",
    "np.argsort(x)"
   ]
  },
  {
   "cell_type": "code",
   "execution_count": 6,
   "metadata": {},
   "outputs": [
    {
     "data": {
      "text/plain": [
       "array([3, 4, 0, 1, 2], dtype=int64)"
      ]
     },
     "execution_count": 6,
     "metadata": {},
     "output_type": "execute_result"
    }
   ],
   "source": [
    "import numpy as np\n",
    "x1 = np.array([10, 20, 30, 10, 10])\n",
    "y1 = np.array([40, 10, 10, 20, 30])\n",
    "idx = np.lexsort((y1, x1))\n",
    "idx"
   ]
  },
  {
   "cell_type": "code",
   "execution_count": 7,
   "metadata": {},
   "outputs": [
    {
     "name": "stdout",
     "output_type": "stream",
     "text": [
      "10 20\n",
      "10 30\n",
      "10 40\n",
      "20 10\n",
      "30 10\n"
     ]
    }
   ],
   "source": [
    "for i in idx:\n",
    "  print(x1[i], y1[i])"
   ]
  },
  {
   "cell_type": "markdown",
   "metadata": {},
   "source": [
    "## 배열 집합 메서드"
   ]
  },
  {
   "cell_type": "code",
   "execution_count": 8,
   "metadata": {},
   "outputs": [
    {
     "data": {
      "text/plain": [
       "array([1, 2, 3, 4, 5, 6])"
      ]
     },
     "execution_count": 8,
     "metadata": {},
     "output_type": "execute_result"
    }
   ],
   "source": [
    "import numpy as np\n",
    "\n",
    "x = [1,2,2,2,3,3,4,4,5,5,5,6]\n",
    "y = [1,1,1,2,3,4,4,4,5,6,6,7,7]\n",
    "np.unique(x)"
   ]
  },
  {
   "cell_type": "code",
   "execution_count": 9,
   "metadata": {},
   "outputs": [
    {
     "data": {
      "text/plain": [
       "array([1, 2, 3, 4, 5, 6, 7])"
      ]
     },
     "execution_count": 9,
     "metadata": {},
     "output_type": "execute_result"
    }
   ],
   "source": [
    "np.union1d(x,y) #x, y 합집합을 구한 후, 고유값 반환"
   ]
  },
  {
   "cell_type": "code",
   "execution_count": 10,
   "metadata": {},
   "outputs": [
    {
     "data": {
      "text/plain": [
       "array([1, 2, 3, 4, 5, 6])"
      ]
     },
     "execution_count": 10,
     "metadata": {},
     "output_type": "execute_result"
    }
   ],
   "source": [
    "np.intersect1d(x,y) #x, y 교집합을 구한 후, 고유값 반환"
   ]
  },
  {
   "cell_type": "code",
   "execution_count": 13,
   "metadata": {},
   "outputs": [
    {
     "data": {
      "text/plain": [
       "array([7])"
      ]
     },
     "execution_count": 13,
     "metadata": {},
     "output_type": "execute_result"
    }
   ],
   "source": [
    "np.setdiff1d(y, x) #x의 y 차집합을 구한 후, 교유값 반환"
   ]
  },
  {
   "cell_type": "code",
   "execution_count": 12,
   "metadata": {},
   "outputs": [
    {
     "data": {
      "text/plain": [
       "array([ True,  True,  True,  True,  True,  True,  True,  True,  True,\n",
       "        True,  True, False, False])"
      ]
     },
     "execution_count": 12,
     "metadata": {},
     "output_type": "execute_result"
    }
   ],
   "source": [
    "np.in1d(y,x) #x 요소가 y에 포함되는지 불리언 반환"
   ]
  }
 ],
 "metadata": {
  "kernelspec": {
   "display_name": "Python 3",
   "language": "python",
   "name": "python3"
  },
  "language_info": {
   "codemirror_mode": {
    "name": "ipython",
    "version": 3
   },
   "file_extension": ".py",
   "mimetype": "text/x-python",
   "name": "python",
   "nbconvert_exporter": "python",
   "pygments_lexer": "ipython3",
   "version": "3.10.4"
  },
  "orig_nbformat": 4
 },
 "nbformat": 4,
 "nbformat_minor": 2
}
